cam0:
  T_imu_cam:
  - [-0.03833985,  0.00162415, -0.99926344, -0.32132215]
  - [ 0.99876063,  0.03182279, -0.03826883,  0.12412944]
  - [ 0.03173719, -0.9994922,  -0.0028422,   0.0262454]
  - [ 0.        ,  0.        ,  0.        ,  1.        ]
  # - [2.22044605e-16, 2.22044605e-16, 1.0, 0.34002503408110357]
  # - [-1.0, 0.0, 2.22044605e-16, -0.13482769317954107]
  # - [0.0, -1.0, 2.22044605e-16, 0.03385016038159559]
  # - [0.0, 0.0, 0.0, 1.0]
  cam_overlaps: []
  camera_model: pinhole
  distortion_coeffs: [-0.3780348544752132, 0.12695639456315191, 0.003198869606143161, 0.0025589165487025305]
  distortion_model: radtan
  # intrinsics: [423.44863656537643, 422.8055508373535, 309.3466084779265, 235.17841422721364]
  # intrinsics: [406.33233091474426, 406.9536696029995, 311.51174613074784, 241.75862889759748]
  intrinsics: [408.5950430957301, 408.35453405616283, 318.4371776072408, 243.753788263653]
  resolution: [640, 512]
  rostopic: /thermal_right/image
